S1 a=0.500000 c_f=5000000.000000
2 1.71
4 3.20
8 6.19
16 12.17
32 24.12
64 47.95

S1 asimp a=1 c_f=5000000.000000
2 1.33
4 2.29
8 4.27
16 8.26
32 16.25
64 32.25

S1 a=0.500000 c_f=50000.000000
2 1.65
4 3.01
8 5.59
16 10.48
32 18.74
64 32.28

S1 asimp a=1 c_f=50000.000000
2 1.33
4 2.29
8 4.27
16 8.26
32 16.25
64 32.25

S2 a=0.500000 c_f=5000000.000000
2 2.00
4 2.00
8 7.99
16 15.97
32 31.91
64 63.69

S2 asimp c_f=5000000.000000
2 2.00
4 4.00
8 8.00
16 16.00
32 32.00
64 64.00


S2 a=0.500000 c_f=50000.000000
2 1.92
4 3.77
8 7.22
16 13.76
32 24.80
64 42.89

S2 asimp c_f=5000000.000000
2 2.00
4 4.00
8 8.00
16 16.00
32 32.00
64 64.00
